1.5707963267949,0
1.57065346965214,-0.0285714285132266
1.57022489825915,-0.0571428544552094
1.56951061260753,-0.0857142709977907
1.56851061289491,-0.114285655215534
1.56722489973472,-0.14285696098325
1.565653486669,-0.171428042258926
1.56379643122389,-0.19999846652398
1.5616537094133,-0.228568269678767
1.55922529380808,-0.257137457892492
1.55651116737953,-0.28570592171393
1.55351132349939,-0.314273436071429
1.5502257659399,-0.34283966027291
1.54665450887372,-0.371404138005865
1.54279757687399,-0.399966297337358
1.53865500491431,-0.428525450714025
1.53422683836872,-0.457080794962074
1.52951313301175,-0.485631411287286
1.52451395501837,-0.514176265275013
1.519229380964,-0.54271420689018
1.51365949782453,-0.571243970477283
1.50780440297633,-0.599764174760391
1.5016642041962,-0.628273322843144
1.49523901966141,-0.656769802208755
1.48852897794968,-0.685251884720009
1.48153421803921,-0.713717726619262
1.47425488930864,-0.742165368528444
1.46669115153708,-0.770592735449053
1.45884394220978,-0.799002275492723
1.45071722569202,-0.827414858680349
1.44231101193569,-0.855827449493624
1.4336247642005,-0.88423306893986
1.42465804638148,-0.912624669946772
1.41541052300904,-0.940995137362483
1.40588195924893,-0.969337287955518
1.39607222090227,-0.997643870414806
1.38598127440551,-1.02590756534968
1.37560918683049,-1.05412098528989
1.36495612588437,-1.08227667468557
1.3540223599097,-1.11036710990727
1.34280825788435,-1.13838469924594
1.33131428942157,-1.16632178291295
1.31954102476996,-1.19417063304005
1.30748913481347,-1.22192345367942
1.29515939107141,-1.24957238080362
1.28255266569845,-1.27710948230564
1.26966993148459,-1.30452675799885
1.25651226185522,-1.33181613961704
1.24308083087106,-1.35896949081439
1.2293769132282,-1.38597860716552
1.21540188425809,-1.41283521616541
1.2011572199275,-1.43953097722946
1.18664449683861,-1.4660574816935
1.1718653922289,-1.49240625281373
1.15682168397124,-1.51856874576678
1.14151525057385,-1.54453634764965
1.1259480711803,-1.57030037747979
1.11012222556952,-1.59585208619502
1.09403989415579,-1.62118265665359
1.07770335798874,-1.64628320363413
1.06111499875336,-1.67114477383569
1.04427729877002,-1.69575834587772
1.0271928409944,-1.72011483030007
1.00986430901757,-1.74420506956302
0.99229448706594,-1.76801983804721
0.974486260001279,-1.79154984205373
0.956442613320712,-1.81478571980404
0.938166633156718,-1.83771804144003
0.919661506277132,-1.86033730902397
0.900930520085143,-1.88263395653856
0.881977062619297,-1.90459834988688
0.862804622553494,-1.92622078689245
0.84341678919699,-1.94749149729915
0.823817252494396,-1.9684006427713
0.804009803025678,-1.9889383168936
0.783998332006157,-2.00909454517117
0.76378683128651,-2.02885928502954
0.74337939335277,-2.04822242581462
0.722780211326324,-2.06717378879276
0.701993578963914,-2.08570312715067
0.681023890657638,-2.10380012599551
0.659875641434949,-2.12145440235481
0.638553426958655,-2.13865550517652
0.617061943526922,-2.155392915329
0.595405988073265,-2.17165604560101
0.573590458166561,-2.18743424070171
0.551620352011039,-2.20271677726065
0.529500768446281,-2.21749286382783
0.507236906947231,-2.2317516408736
0.484834067624183,-2.24548218078876
0.462297651222785,-2.25867348788449
0.439633159124045,-2.27131449839237
0.416846193344325,-2.28339408046441
0.393942456535338,-2.29490103417301
0.370927751984158,-2.30582409151096
0.347807983613211,-2.31615191639147
0.324589155980279,-2.32587310464817
0.3012773742785,-2.33497618403506
0.277878844336365,-2.34344961422658
0.254399872617724,-2.35128178681754
0.23084686622178,-2.35846102532318
0.207226332883088,-2.36497558517914
0.183544880971564,-2.37081365374146
0.159809219492476,-2.37596335028658
0.136026158086453,-2.38041272601135
0.112202607029468,-2.38414976403304
0.0883455772328585,-2.38716237938929
0.0644621802433136,-2.38943841903818
0.0405596106932807,-2.3909662744641
0.0166438606487266,-2.39178365003502
-0.00727843262551695,-2.39191903655674
-0.0311998380179623,-2.39137323826235
-0.0551130137030152,-2.39014746100156
-0.0790107071409749,-2.38824331224061
-0.102885755078034,-2.38566280106233
-0.12673108354628,-2.38240833816614
-0.150539707863691,-2.37848273586803
-0.174304732634142,-2.37388920810056
-0.198019351747401,-2.36863137041286
-0.221676848379126,-2.36271323997065
-0.245270594990873,-2.35613923555623
-0.268794053330089,-2.34891417756845
-0.292240774430116,-2.34104328802277
-0.315604398610188,-2.3325321905512
-0.338878655475433,-2.32338691040234
-0.362057363916875,-2.31361387444135
-0.385134432111428,-2.30321991114999
-0.4081038575219,-2.29221225062658
-0.430959726896996,-2.28059852458602
-0.453696216271311,-2.26838676635979
-0.476307590965334,-2.25558541089593
-0.498788205585449,-2.24220329475907
-0.521132504023932,-2.22824965613042
-0.543335019458955,-2.21373413480776
-0.565390374354581,-2.19866677220544
-0.587293280460766,-2.1830580113544
-0.609038538813364,-2.16691869690215
-0.630621039734117,-2.15026007511276
-0.652035762830664,-2.1330937938669
-0.673277776996537,-2.11543190266181
-0.694342240411161,-2.09728685261129
-0.715224400539853,-2.07867149644574
-0.735919594133829,-2.05959908851213
-0.756423247230191,-2.04008328477398
-0.776730875151941,-2.02013814281142
-0.796838082507971,-1.99977812182115
-0.816740563193068,-1.97901808261642
-0.836434100387912,-1.95787328762709
-0.855914566559076,-1.93635940089958
-0.875177923459027,-1.91449248809688
-0.894220222126126,-1.89228901649856
-0.91303760288463,-1.86976585500079
-0.93162629534468,-1.84694027411627
-0.949982618402325,-1.82382994597432
-0.968103663282505,-1.80044016745418
-0.985987786777758,-1.77676102009418
-1.00363258951988,-1.75280314871605
-1.02103570906596,-1.72857753059868
-1.03819484623205,-1.70409491966405
-1.05510776509322,-1.67936584647721
-1.07177229298352,-1.6544006182463
-1.08818632049602,-1.6292093188225
-1.10434780148275,-1.60380180870011
-1.12025475305477,-1.57818772501648
-1.1359052555821,-1.55237648155204
-1.1512974526938,-1.5263772687303
-1.16642955127788,-1.50019905361786
-1.18129982148137,-1.47385057992437
-1.19590659671029,-1.44734036800256
-1.21024827362966,-1.42067671484827
-1.22432331216349,-1.39386769410037
-1.23813023549477,-1.36692115604084
-1.25166763006552,-1.33984472759472
-1.26493414557673,-1.31264581233013
-1.27792849498839,-1.28533159045827
-1.29064945451949,-1.25790901883341
-1.303095863648,-1.2303848309529
-1.31526662511092,-1.20276553695717
-1.32716070490419,-1.17505742362973
-1.33877713228281,-1.14726655439714
-1.35011499976072,-1.11939876932907
-1.36117346311089,-1.09145968513825
-1.37195174136526,-1.06345469518049
-1.38244911681479,-1.03538896945467
-1.39266493500942,-1.00726745460276
-1.40259860475809,-0.979094873909784
-1.41224959812874,-0.950875727303865
-1.42161745044828,-0.922614291356193
-1.43070176030265,-0.894314619281034
-1.43950218953677,-0.86598054093573
-1.44801846325454,-0.837615662820702
-1.45625036981889,-0.809223368079447
-1.46419776085171,-0.780806816498535
-1.4718605512339,-0.752368944507617
-1.47923871910537,-0.723912465179417
-1.486332305865,-0.695439868229738
-1.49314141617067,-0.666953420017458
-1.49966621793928,-0.638455163544531
-1.50590694234669,-0.609946918455986
-1.51186396810943,-0.581432140144996
-1.51753784787866,-0.552921444402948
-1.52292836810889,-0.524415074400449
-1.52803523044244,-0.495911662629818
-1.53285814966467,-0.467409926040467
-1.53739685370394,-0.438908666038912
-1.54165108363168,-0.410406768488764
-1.54562059366231,-0.381903203710729
-1.54930515115332,-0.353397026482616
-1.55270453660519,-0.324887376039329
-1.55581854366146,-0.29637347607287
-1.55864697910869,-0.267854634732337
-1.56118966287646,-0.239330244623932
-1.5634464280374,-0.210799782810945
-1.56541712080716,-0.182262810813774
-1.56710160054441,-0.153718974609907
-1.56849973975086,-0.125168004633934
-1.56961142407126,-0.0966097157775404
-1.57043655229337,-0.068044007389513
-1.57097503634799,-0.0394708632757308
-1.57122680130895,-0.0108903516991767
-1.57119178539311,0.0176973746200747
-1.57086993996036,0.0462920785048445
-1.57026122951362,0.074893438320863
-1.56936563169884,0.103501047976756
-1.56818313730499,0.132114416924058
-1.56671375026409,0.160732970157198
-1.56495748765117,0.189356048213516
-1.56291437968431,0.217982907173248
-1.5605844697246,0.246612718659534
-1.55796781427617,0.275244569838415
-1.55506448298618,0.303877463418839
-1.55187455864482,0.33251031765265
-1.54839813718531,0.361141966334596
-1.5446353276839,0.389771158802333
-1.54058625235987,0.418396559936408
-1.53625104657551,0.447016750160283
-1.53162985883619,0.475630225440311
-1.52672285079025,0.504235397285754
-1.52153019722911,0.532830592748773
-1.51605208608718,0.561414054424434
-1.51028871844194,0.589983940450703
-1.50424030851386,0.618538324508451
-1.49790708366647,0.647075195821445
-1.49128928440632,0.675592459156362
-1.48438716438298,0.704087934822776
-1.47720099038906,0.732559358673165
-1.4697310423602,0.761004382102908
-1.46197761337507,0.789420572050289
-1.45394100965537,0.817805410996491
-1.44562155056583,0.846156296965604
-1.4370195686142,0.874470543524611
-1.42813540945128,0.902745379783411
-1.41896943187087,0.930977950394787
-1.40952200780984,0.959165315554444
-1.39979352234806,0.987304451000975
-1.38978437370844,1.01539224801588
-1.37949497325691,1.04342551342357
-1.36892574550244,1.07140096959133
-1.35807712809704,1.09931525442939
-1.34694957183573,1.12716492139084
-1.33554354065657,1.1549464394717
-1.32385951164064,1.18265619321088
-1.31189797501207,1.2102904826902
-1.29965943413801,1.23784552353437
-1.28714440552863,1.26531744691102
-1.27435443653481,1.29271373211715
-1.26129145445312,1.32003831303957
-1.24795635049472,1.3472782595316
-1.23435012314316,1.37442069974234
-1.22047388046572,1.40145285015906
-1.20632884011339,1.42836201560727
-1.19191632932092,1.45513558925065
-1.17723778490676,1.4817610525911
-1.16229475327309,1.5082259754687
-1.14708889040585,1.53451801606176
-1.13162196187466,1.56062492088675
-1.11589584283291,1.58653452479838
-1.0999125180177,1.61223475098952
-1.08367408174986,1.63771361099127
-1.06718273793394,1.66295920467292
-1.05044080005824,1.68795972024196
-1.03345069119476,1.71270343424408
-1.01621494399926,1.73717871156317
-0.998736200711198,1.7613740054213
-0.981017213153784,1.78527785737879
-0.963060842733944,1.8088788973341
-0.944870060442336,1.83216584352393
-0.926447946853344,1.85512750252318
-0.907797692125083,1.87775276924491
-0.888922595999394,1.90003062694043
-0.86982606780185,1.92195014719921
-0.850511626441748,1.94350048994895
-0.830982900412117,1.96467090345553
-0.81124362778971,1.98545072432304
-0.791297656235015,2.00582937749376
-0.77114894299224,2.02579637624818
-0.750801554889331,2.04534132220499
-0.730259668337952,2.06445390532106
-0.709527569333505,2.08312390389149
-0.688609653455113,2.10134118454956
-0.667510425865632,2.11909570226675
-0.646234501311644,2.13637750035274
-0.624786604123461,2.15317671045543
-0.603171568215119,2.1694835525609
-0.58139433708439,2.18528833499342
-0.559459963812767,2.20058145441548
-0.537373611065477,2.21535339582777
-0.51514055109147,2.22959473256916
-0.492766165723432,2.24329612631675
-0.470255946377768,2.2564483270858
-0.447615494054618,2.26904217322981
-0.424850519337846,2.28106859144045
-0.401966842395049,2.29251859674761
-0.378970392977549,2.30338329251937
-0.355867210420399,2.313653870462
-0.332663443642377,2.32332161062
-0.309365351145992,2.33237788137603
-0.285979301017479,2.34081413945098
-0.262511770926804,2.34862192990393
-0.23896934812766,2.35579288613217
-0.215358729457471,2.36231872987115
-0.191686721337384,2.36819127119458
-0.167960239772276,2.37340240851432
-0.144186310350759,2.37794412858046
-0.120372068245161,2.38180850648127
-0.0965247582115532,2.38498770564323
-0.0726517345897191,2.38747397783102
-0.0487604613031873,2.38925966314752
-0.0248585118591984,2.3903371900338
-0.000951971067874074,2.39070762331658
0.0229564449466049,2.39039386574501
0.046859642231969,2.38939901460596
0.0707502787273581,2.38772484203699
0.0946211048664603,2.38537349827601
0.118464963577519,2.38234751166138
0.142274790283331,2.37864978863185
0.166043612901242,2.37428361372655
0.189764551843152,2.36925264958505
0.213430820015513,2.36356093694729
0.237035722819331,2.35721289465364
0.260572658150161,2.35021331964486
0.284035116398114,2.34256738696212
0.307416680447851,2.33428064974698
0.330711025678588,2.32535903924141
0.353911919964089,2.3158088647878
0.377013223672676,2.30563681382891
0.400008889667218,2.29484995190794
0.422892963305141,2.28345572266846
0.445659582438419,2.27146194785447
0.468302977413582,2.25887682731035
0.490817471071711,2.24570893898091
0.513197478748441,2.23196723891134
0.535437508273955,2.21766106124724
0.557532159972993,2.20280011823462
0.579476126664845,2.18739450021989
0.601264193663356,2.17145467564985
0.622891238776919,2.15499149107173
0.644352232308484,2.13801617113314
0.66564223705555,2.1205403185821
0.686756408310169,2.10257591426705
0.707689993858949,2.08413531713679
0.728438333983045,2.06523126424058
0.748996861458169,2.04587687072804
0.769361101554581,2.02608562984921
0.789526672037098,2.00587141295453
0.809489283165086,1.98524846949485
0.829244737692465,1.96423142702142
0.848788930867705,1.94283529118588
0.868117850433835,1.9210754457403
0.887227576628426,1.89896765253712
0.906114282183613,1.87652805152922
0.924774232326072,1.85377316076985
0.943203784777042,1.83071987641269
0.961399389752306,1.8073854727118
0.979357589962205,1.78378760202166
0.997075763817721,1.75992959577729
1.01455243198895,1.73580107588461
1.03178537525818,1.71141246699645
1.04877241774728,1.68677431821884
1.06551144251053,1.66189695677221
1.08200039153463,1.63679048799141
1.09823726573865,1.61146479532569
1.11422012497409,1.58592954033872
1.12994708802485,1.56019416270857
1.14541633260722,1.53426788022772
1.1606260953699,1.50815968880305
1.17557467189401,1.48187836245587
1.19026041669305,1.45543245332187
1.20468174321294,1.42883029165118
1.21883712383199,1.40207998580831
1.23272508986093,1.3751894222722
1.24634423154288,1.34816626563618
1.25969319805337,1.321017958608
1.27277069750034,1.29375172200983
1.28557549692412,1.26637455477822
1.29810642229745,1.23889323396414
1.31036235852547,1.211314314733
1.32234224944574,1.18364413036456
1.3340450978282,1.15588879225303
1.34546996537521,1.12805418990703
1.35661597272153,1.10014599094956
1.36748229943432,1.07216964111805
1.37806818401316,1.04413036426434
1.38837292389,1.01603316235467
1.39839587542922,0.987882815469682
1.4081364539276,0.959683881804444
1.41759413361433,0.93144069766842
1.42676844765098,0.90315737748549
1.43565898813156,0.874837813793936
1.44426540608244,0.846485677246454
1.45258741146242,0.818104416610143
1.46062477316272,0.789697258766514
1.46837731900692,0.76126720871149
1.47584493575104,0.732817049555395
1.4830275690835,0.704349342522967
1.4899252236251,0.675866426953349
1.49653796292906,0.647370420300096
1.50286590948101,0.618863218131171
1.50890924469898,0.590346494128944
1.51466820893339,0.56182170009019
1.52014310276983,0.533290082006614
1.52533488404851,0.504761312967567
1.53024390990322,0.476241635978245
1.53486980790059,0.447729189151134
1.53921222201079,0.419222217114598
1.54327081260756,0.390719071012864
1.54704525646822,0.36221820850603
1.55053524677363,0.333718193770062
1.55374049310823,0.305217697496803
1.55666072146003,0.276715496893956
1.55929567422059,0.2482104756851
1.56164511018503,0.219701624109677
1.56370880455206,0.19118803892301
1.56548654892394,0.162668923396282
1.56697815130649,0.134143587316548
1.56818343610911,0.105611446986731
1.56910224414474,0.0770720252256304
1.5697344326299,0.0485249513679083
1.57007987518469,0.0199699612640987
1.57013846183275,-0.00859310271939484
1.56991009900129,-0.0371642917003016
1.56939470952109,-0.0657435502804733
1.5685922326265,-0.0943307165459004
1.56750262395541,-0.1229255220667
1.56612585554932,-0.151527591897123
1.56446191585325,-0.180136444575544
1.5625108097158,-0.208751492124473
1.56027255838914,-0.23737204005055
1.55774719952901,-0.265997287344547
1.55493478719469,-0.294626326481358
1.55183539184906,-0.323258143420018
1.54844910035853,-0.351891617603686
1.5447760159931,-0.380525521959657
1.54081625842632,-0.409158522899346
1.53656996373531,-0.437789180318307
1.53203728440076,-0.466415947596225
1.52721838930691,-0.495037171596912
1.52211346374158,-0.523651092668308
1.51672270939615,-0.552255844642487
1.51104634436556,-0.580849454835654
1.50508460314832,-0.609429844048144
1.49883773664651,-0.637994826564419
1.49230601216576,-0.666542110153074
1.48548971341527,-0.695069296066835
1.4783891405078,-0.723573879042556
1.47100460995971,-0.75205324730123
1.46333645469087,-0.780504682547964
1.45538502402475,-0.808925359972006
1.44715068368838,-0.837312348246736
1.43863381581234,-0.865662609529664
1.4298348189308,-0.89397299946242
1.42075410798147,-0.922240267170775
1.41139211430564,-0.950461055264629
1.40174928564816,-0.978631899838015
1.39182608615744,-1.00674923046908
1.38162299638546,-1.03480937022013
1.37114051328777,-1.06280853563757
1.36037915022347,-1.09074283675195
1.34933943695524,-1.11860827707797
1.33802191964932,-1.14640075361442
1.3264271608755,-1.17411605684424
1.31455573960716,-1.20174987073453
1.30240825122123,-1.22929777273646
1.28998530749821,-1.25675523378537
1.27728753662215,-1.28411761830074
1.26431558318069,-1.31138018418615
1.25107010816501,-1.33853808282932
1.23755178896988,-1.3655863591021
1.22376151419426,-1.39252212308492
1.20970176258188,-1.41935485377917
1.19537416352473,-1.44607484397488
1.18078013376111,-1.47266813793418
1.16592119913607,-1.49912091109655
1.15079899460143,-1.52541947007876
1.13541526421576,-1.55155025267495
1.11977186114439,-1.57749982785655
1.10387074765939,-1.60325489577233
1.08771399513962,-1.62880228774838
1.07130378407064,-1.65412896628814
1.05464240404483,-1.67922202507234
1.03773225376128,-1.70406868895907
1.02057584102585,-1.72865631398372
1.00317578275117,-1.75297238735901
0.985534804956589,-1.77700452747502
0.967655742768251,-1.8007404838991
0.949541540419036,-1.82416813737597
0.931195251248583,-1.84727549982767
0.912620037703284,-1.87005071435354
0.893819171336295,-1.89248205523028
0.874796032807519,-1.91455792791189
0.855554111883619,-1.93626686902971
0.836097007438012,-1.95759754639241
0.816428427450873,-1.97853875898598
0.796552189009131,-1.99907943697372
0.776472218306471,-2.01920864169629
0.756192550643334,-2.03891556567165
0.735717330426914,-2.05818953259509
0.715050811171168,-2.07701999733925
0.694197355496802,-2.09539654595405
0.673161435131279,-2.11330889566679
0.651947630908818,-2.13074689488206
0.630560632770396,-2.14770052318177
0.609005239763745,-2.1641598913252
0.58728636004335,-2.18011524124891
0.565409010870451,-2.19555694606681
0.543378318613053,-2.21047551007012
0.521199518745905,-2.22486156872742
0.498877955850517,-2.23870588868458
0.476419083615154,-2.25199936776481
0.453828464834842,-2.26473303496865
0.431111771411352,-2.27689805047396
0.408274784353221,-2.28848570563593
0.385323393775733,-2.29948742298707
0.362263598900936,-2.30989475623723
0.33910150805763,-2.31969939027357
0.31584333868137,-2.32889314116058
0.292495417314465,-2.33746795614009
0.269064179605985,-2.34541591363125
0.245556170311752,-2.35272922323051
0.221978043294344,-2.3594002257117
0.198336561523097,-2.36542139302592
0.174638597074096,-2.37078532830163
0.150891131130196,-2.37548476584461
0.127101253980991,-2.37951257113795
0.103276165022842,-2.38286174084211
0.0794231727588568,-2.38552540279482
0.0555496947989118,-2.38749681601116
0.0316632578596276,-2.38876937068356
0.00777110163825329,-2.38933820924467
-0.0161240033949459,-2.38921919106365
-0.040016033451474,-2.38841903440499
-0.0638976202175609,-2.38693941556538
-0.0877614880028345,-2.38478238670527
-0.111600453740325,-2.3819503758488
-0.135407426986454,-2.37844618688386
-0.159175409921054,-2.37427299956209
-0.18289749734735,-2.36943436949882
-0.206566876691972,-2.36393422817313
-0.230176828004944,-2.35777688292785
-0.253720723959694,-2.35096701696949
-0.27719202985305,-2.34350968936835
-0.300584303605241,-2.3354103350584
-0.323891195759888,-2.3266747648374
-0.347106449484022,-2.31730916536678
-0.370223900568069,-2.30732009917175
-0.393237477425855,-2.29671450464122
-0.416141201094608,-2.28549969602784
-0.438929185234952,-2.27368336344799
-0.461595636130914,-2.26127357288178
-0.48413485268992,-2.24827876617305
-0.506541226442799,-2.23470776102936
-0.528809241543773,-2.22056975102203
-0.550933474770469,-2.20587430558607
-0.572908595523914,-2.19063137002024
-0.594729365828534,-2.17485126548704
-0.616390640332152,-2.15854468901268
-0.637887366305995,-2.14172271348711
-0.659214583644688,-2.12439678766401
-0.680367424866259,-2.10657873616078
-0.70134111511213,-2.08828075945858
-0.722130972147126,-2.06951543390226
-0.742732406359473,-2.05029571170042
-0.763140920760799,-2.0306349209254
-0.783352110986123,-2.01054676551325
-0.803361665293873,-1.99004532526375
-0.823165364565872,-1.96914505584044
-0.842759082307349,-1.94786078877055
-0.862138784646923,-1.92620773144506
-0.88130053033662,-1.90420146711869
-0.900240470751866,-1.88185795490987
-0.918954849891485,-1.85919352980077
-0.937440004377699,-1.83622490263728
-0.955692363456133,-1.81296916012904
-0.973708448995811,-1.7894437648494
-0.991484961671243,-1.76566475811334
-1.00902020718803,-1.7416206702839
-1.02631231832798,-1.7173135410889
-1.04335911780481,-1.6927539554991
-1.06015848639947,-1.66795227765665
-1.0767083629602,-1.64291865087507
-1.09300674440249,-1.61766299763929
-1.10905168570908,-1.59219501960562
-1.12484129993,-1.56652419760175
-1.14037375818252,-1.54065979162678
-1.15564728965117,-1.51461084085117
-1.17066018158777,-1.48838616361678
-1.18541077931137,-1.46199435743686
-1.19989748620829,-1.43544379899606
-1.21411876373214,-1.4087426441504
-1.22807313140375,-1.38189882792729
-1.24175916681124,-1.35492006452553
-1.25517550560998,-1.32781384731531
-1.26832084152262,-1.30058744883821
-1.28119392633905,-1.2732479208072
-1.29379356991643,-1.24580209410663
-1.30611864017918,-1.21825657879224
-1.31816806311899,-1.19061776409117
-1.32994082279482,-1.16289181840192
-1.34143596133286,-1.13508468929441
-1.35265257892659,-1.10720210350994
-1.36358983383675,-1.07924956696117
-1.37424694239134,-1.05123236473219
-1.38462317898561,-1.02315556107845
-1.39471787608208,-0.995023999426803
-1.40453042421053,-0.966842302375478
-1.41406027196803,-0.938614871694099
-1.42330692601886,-0.910345888323677
-1.4322699510946,-0.882039312376611
-1.44094896999409,-0.853698883136686
-1.44934366358342,-0.825328119059077
-1.45745377079595,-0.796930317770351
-1.46527908863229,-0.768508556068454
-1.47281947216033,-0.74006568992273
-1.4800748345152,-0.711604354473904
-1.48704514689933,-0.683126964034092
-1.49373043858237,-0.654635712086795
-1.50013079690125,-0.626132571286907
-1.50624636726018,-0.597619293460704
-1.51207735313059,-0.569097409605857
-1.51762401605122,-0.540568229891419
-1.52288672788651,-0.512033456444455
-1.52786666928377,-0.483505207827524
-1.53256390321772,-0.454986353710482
-1.53697804186817,-0.426474964952436
-1.54110871475506,-0.397969223985515
-1.54495556873842,-0.369467424814873
-1.54851826801843,-0.34096797301868
-1.55179649413536,-0.312469385748139
-1.55478994596959,-0.283970291727464
-1.55749833974165,-0.255469431253902
-1.55992140901215,-0.226965656197713
-1.56205890468184,-0.198457930002183
-1.56391059499157,-0.169945327683621
-1.56547626552232,-0.141427035831358
-1.56675571919517,-0.112902352607744
-1.56774877627134,-0.0843706877481591
-1.56845527435213,-0.0558315625609957
-1.56887506837899,-0.0272846099276789
-1.56900803063347,0.00127042569735214
-1.56885405073724,0.0298336882866328
-1.56841303565207,0.0584052102396762
-1.56768490967988,0.0869849123829735
-1.56666961446267,0.115572603969996
-1.56536710898258,0.144167982681185
-1.56377736956186,0.172770634623969
-1.56190038986286,0.201380034332746
-1.55973618088807,0.229995544768898
-1.55728477098008,0.258616417320782
-1.5545462058216,0.287241791803732
-1.55152054843547,0.315870696460061
-1.54820787918462,0.34450204795906
-1.5446082957721,0.373134651396999
-1.54072191324111,0.401767200297118
-1.53654886397492,0.430398276609648
-1.53208929769694,0.459026350711783
-1.52734338147069,0.487649781407705
-1.52231129969982,0.516266815928569
-1.51699325412807,0.544875589932513
-1.51138946383932,0.573474127504645
-1.50550016525755,0.602060341157059
-1.49932561214686,0.630632031828818
-1.49286607561147,0.659186888885971
-1.48612184409571,0.687722490121536
-1.47909322338404,0.716236301755515
-1.47178053660101,0.744725678434888
-1.46418412421131,0.773187863233609
-1.45630434401973,0.801619987652615
-1.44814157117119,0.830019071619815
-1.43969619815071,0.858382023490097
-1.43096863478345,0.886705640045329
-1.42195930823465,0.914986606494355
-1.4126686630097,0.943221496472996
-1.40309716095409,0.971406772044053
-1.39324528125342,0.999538783697304
-1.38311352043342,1.0276137703495
-1.37270239235993,1.05562785934438
-1.3620124282389,1.08357706645266
-1.35104417661641,1.11145729587201
-1.33979820337865,1.13926434022711
-1.3282750917519,1.1669938805696
-1.3164754423026,1.19464148637811
-1.30439987293728,1.22220261555822
-1.2920490189026,1.24967261444252
-1.2794235327853,1.27704671779056
-1.26652408451229,1.30432004878888
-1.25335136135055,1.33148761905098
-1.23990606790721,1.35854432861735
-1.22618892612948,1.38548496595546
-1.21220071189151,1.41230462454942
-1.19794368565547,1.43901130364903
-1.18341988061635,1.46559950339085
-1.16863080855064,1.49205500510135
-1.15357808990777,1.5183637326285
-1.13826345381009,1.54451175234181
-1.12268873805291,1.57048527313231
-1.10685588910447,1.59627064641255
-1.09076696210594,1.62185436611661
-1.07442412087145,1.64722306870008
-1.05782963788804,1.67236353314009
-1.04098589431572,1.69726268093528
-1.0238953799874,1.72190757610583
-1.00656069340897,1.74628542519343
-0.988984541759224,1.77038357726128
-0.971169740889913,1.79418952389414
-0.953119215325726,1.81769089919826
-0.934835998264281,1.84087547980143
-0.916323231576142,1.86373118485295
-0.897584165804808,1.88624607602367
-0.878622160166717,1.90840835750594
-0.859440682551244,1.93020637601364
-0.840043309520708,1.95162862078216
-0.820433726310359,1.97266372356844
-0.800615726828392,1.99330045865093
-0.780593213655934,2.0135277428296
-0.760370198047054,2.03333463542594
-0.73995079992876,2.05271033828298
-0.719339247900996,2.07164419576526
-0.698539879236644,2.09012569475884
-0.677557139881529,2.10814446467132
-0.656395584454408,2.12569027743181
-0.635059876246984,2.14275304749094
-0.61355478722389,2.15932283182087
-0.591885198022703,2.1753898299153
-0.570056097953936,2.19094438378942
-0.548072585001042,2.20597697797996
-0.525939865820409,2.22047823954519
-0.503663255741367,2.23443893806487
-0.481248178766183,2.24784998564031
-0.458700167570062,2.26070243689433
-0.43602486350115,2.27298748897127
-0.413228016580528,2.28469648153701
-0.390315485502215,2.29582089677894
-0.367293237633172,2.30635235940599
-0.344167349013295,2.31628263664858
-0.320944004355417,2.32560363825868
-0.297629497045317,2.33430741650978
-0.274230229141703,2.3423861661969
-0.250752711376228,2.34983222463656
-0.227203563153483,2.35663807166682
-0.203589512550993,2.36279632964726
-0.179917396319221,2.368299763459
-0.156194159881576,2.37314128050464
-0.132426857334395,2.37731393070836
-0.108622651446965,2.38081090651581
-0.0847888136614987,2.3836255428942
-0.0609327240931592,2.38575131733225
-0.0370618715300421,2.3871818498402
-0.0131838525996208,2.38791090608024
0.0106971116882588,2.38794652684991
0.0345767375484639,2.38730094929426
0.0584476340140117,2.38597579188549
0.0823025029341816,2.38397304639078
0.106134138974506,2.38129507787229
0.129935429616786,2.37794462468715
0.153699355159074,2.37392479848747
0.177418988715689,2.36923908422034
0.201087496217205,2.36389134012782
0.224698136410458,2.35788579774695
0.248244260858545,2.35122706190975
0.271719313940822,2.34392011074322
0.2951168328529,2.33597029566934
0.318430447606658,2.32738334140505
0.341653881030226,2.31816534596229
0.364780948768,2.30832278064795
0.387805559280634,2.29786249006393
0.410721713845043,2.28679169210708
0.433523506554398,2.27511797796924
0.456205124318136,2.26284931213723
0.478760846861944,2.24999403239284
0.501185046727781,2.23656084981284
0.523472189273855,2.22255884876897
0.545616832674638,2.20799748692797
0.567613627920864,2.19288659525154
0.589457318819524,2.17723637799634
0.611142741993869,2.16105741271405
0.632664826883412,2.14436065025128
0.654018595743921,2.12715741474967
0.675199163647428,2.10945940364579
0.696201738482225,2.09127868767121
0.717021620952859,2.07262771085247
0.737654204580141,2.0535192905111
0.758094975701141,2.03396661726359
0.778339513469188,2.01398325502141
0.798383489853872,1.99358314099103
0.818222669641041,1.97278058567387
0.837852910432807,1.95159027286633
0.857270162647533,1.93002725965981
0.876470469519849,1.90810697644067
0.895449967100643,1.88584522689024
0.914204884257063,1.86325818798484
0.932731542672517,1.84036240999576
0.951026356846669,1.81717481648929
0.969085834095451,1.79371270432665
0.986906574551045,1.76999374366409
1.00448612476216,1.74601920374347
1.02182304955745,1.72177935054516
1.03891517285006,1.69728465473251
1.0557603694438,1.67254551433713
1.07235657176217,1.64757210717062
1.08870176984827,1.62237439082457
1.1047940113649,1.59696210267054
1.12063140159449,1.57134475986009
1.13621210343909,1.5455316593248
1.15153433742045,1.51953187777618
1.16659638167995,1.49335427170578
1.18139657197861,1.4670074773851
1.19593330169711,1.44049991086567
1.21020502183577,1.41383976797896
1.22421024101459,1.38703502433648
1.23794752547318,1.36009343532969
1.25141549907084,1.33302253613004
1.26461284328647,1.30582964168901
1.27753829721867,1.27852184673803
1.29019065758567,1.25110602578852
1.30256877872534,1.2235888331319
1.31467157259522,1.19597670283959
1.32649800877248,1.16827584876297
1.33804711445396,1.14049226453344
1.34931797445614,1.11263172356235
1.36030973121515,1.08469977904109
1.37102158478676,1.05670176394099
1.38145279284641,1.0286427910134
1.39160267068919,1.00052775278965
1.40147059122982,0.972361321581057
1.41105598500268,0.944147949478925
1.42035834016181,0.915891868354549
1.4293772024809,0.88759708985921
1.43811217535326,0.859267405424192
1.44656291979188,0.830906386260749
1.45472915442941,0.802517383360137
1.46261065551811,0.77410352749359
1.47020725692992,0.745667729212342
1.47751885015644,0.717212678847605
1.48454538430888,0.688740846510591
1.49128686611813,0.660254482092491
1.49774335993473,0.631755615264488
1.50391498772886,0.60324605547776
1.50980192909036,0.57472739196347
1.51540442122871,0.546200993732763
1.52072275897304,0.51766800957678
1.52575775709856,0.489134929916888
1.53051029212911,0.460612152680539
1.5349799876724,0.432097987273643
1.53916645389561,0.403590523836339
1.54306931887425,0.375087966690672
1.54668822859221,0.346588634340613
1.55002284694171,0.318090959472031
1.55307285572337,0.289593488952709
1.55583795464612,0.261094883832343
1.55831786132727,0.23259391934254
1.56051231129249,0.20408948489682
1.56242105797579,0.175580584090607
1.56404387271955,0.147066334701252
1.56538054477451,0.118545968688005
1.56643088129975,0.0900188321920281
1.56719470736273,0.0614843855363985
1.56767186593924,0.0329422032261031
1.56786221791344,0.00439197394804069
1.56776564207785,-0.0241664994289785
1.56738203513335,-0.052733299854233
1.56671131168916,-0.0813083960950947
1.56575340426287,-0.109891642737009
1.56450826328043,-0.138482780183525
1.56297585707612,-0.167081434656275
1.56115617189261,-0.195687118194981
1.55904921188092,-0.224299228657452
1.55665499910041,-0.252917049719587
1.5539735735188,-0.281539750875372
1.55100499301218,-0.310166387436883
1.547749333365,-0.338795900534288
1.54420668827004,-0.367427117115831
1.54037716932846,-0.396058749947858
1.53626090604976,-0.424689397614797
1.53185804585182,-0.453317544519168
1.52716875406086,-0.481941560881577
1.52219321391146,-0.510559702740719
1.51693162654654,-0.539170111953383
1.51138421101742,-0.567770816194433
1.50555120428373,-0.596359728956832
1.49943286121347,-0.624934649551633
1.49302945458302,-0.653493263107972
1.4863412750771,-0.682033140573075
1.47936863128877,-0.710551738712259
1.47211184971948,-0.739046400108927
1.464571274779,-0.767514353164572
1.45674726878549,-0.795952712098779
1.44864021196545,-0.824358476949208
1.44025050245373,-0.852728533571622
1.43157855629356,-0.881059653639867
1.42262480743651,-0.909348494645879
1.4133897077425,-0.937591599899682
1.40387372697983,-0.965785398529386
1.39407735282512,-0.993926205481195
1.38400109086339,-1.0220102215194
1.37364546458799,-1.05003353322637
1.36301101540062,-1.07799211300258
1.35209830261137,-1.10588181906659
1.34090790343865,-1.13369839545503
1.32944041300925,-1.16143747202263
1.31769644435831,-1.18909456444223
1.30567662842931,-1.21666507420472
1.29338161407412,-1.24414428861912
1.28081206805295,-1.27152738081249
1.26796867503435,-1.29880940973002
1.25485213759525,-1.32598532013497
1.24146317622094,-1.3530499426087
1.22780252930504,-1.37999799355063
1.21387095314954,-1.40682407517832
1.19966920092238,-1.43352840783432
1.18519824655636,-1.46014288255077
1.17045981437833,-1.48665858573493
1.15545580016449,-1.51305785817127
1.14018819457972,-1.53932331634002
1.12465908317768,-1.56543785241716
1.10887064640077,-1.59138463427443
1.09282515958011,-1.61714710547931
1.07652499293557,-1.64270898529506
1.05997261157578,-1.66805426868066
1.04317057549809,-1.69316722629088
1.02612153958861,-1.71803240447621
1.00882825362217,-1.7426346252829
0.991293562262354,-1.76695898645299
0.973520405061489,-1.79099086142422
0.955511816460638,-1.81471589933012
0.937270925789609,-1.83812002499996
0.918800957266952,-1.86118943895877
0.900105229999953,-1.88391061742734
0.881187157984651,-1.90627031232219
0.862050250105816,-1.92825555125561
0.842698110136964,-1.94985363753565
0.823134436740351,-1.9710521501661
0.803363023466976,-1.99183894384651
0.783387758756577,-2.01220214897219
0.763212625937638,-2.03213017163418
0.742841703227381,-2.05161169361931
0.722279163731766,-2.07063567241014
0.701529275445508,-2.08919134118499
0.680596401252051,-2.10726820881791
0.659484998923583,-2.12485605987876
0.638199621121037,-2.14194495463309
0.616744915394084,-2.15852522904225
0.595125624181139,-2.17458749476333
0.573346584809357,-2.19012263914916
0.551412729494632,-2.20512182524834
0.52932908534161,-2.21957649180521
0.507100774343669,-2.23347835325989
0.48473301338293,-2.24681939974822
0.462231114230256,-2.25959189710181
0.439600483545252,-2.27178838684804
0.416846622876267,-2.28340168621
0.393975128660388,-2.29442488810659
0.370991692223441,-2.30485136115241
0.347902099780006,-2.31467474965786
0.324712232433391,-2.32388897362905
0.301428066175652,-2.33248822876789
0.278055671887584,-2.34046698647199
0.254601215338725,-2.34781999383477
0.231070957187356,-2.35454227364537
0.207471252980496,-2.36062912438868
0.18380855315391,-2.36607612024537
0.160089403032095,-2.37087911109184
0.136320442828307,-2.37503422250025
0.112508407644529,-2.37853785573852
0.0886601274714893,-2.38138668777032
0.0647825271886606,-2.38357767125507
0.0408826265642519,-2.38510803454794
0.0169675402552181,-2.38597528169988
-0.00695552219274442,-2.38617719245757
-0.0308792563452047,-2.38571182226343
-0.0547962628789753,-2.38457750225568
-0.0786990475821401,-2.38277283926824
-0.102580021354039,-2.38029671583082
-0.126431500205265,-2.37714829016888
-0.150245705257678,-2.37332699620361
-0.174014762744389,-2.36883254355199
-0.197730704009771,-2.36366491752673
-0.221385465509458,-2.35782437913629
-0.244970888810332,-2.35131146508489
-0.268478720590543,-2.34412698777252
-0.291900612639496,-2.33627203529491
-0.315228121857859,-2.32774797144352
